BSPLINE
15
8

12 1
8 1
8 2
4 2
4 1
0 1
0 -1
12 -1
1.0
0 0 0 1
0 0 0

12 1
8 1
8 2
5 2
5 1
0 1
0 -1
12 -1
0.93
0.524 0 0 1
0 0 0

12 1
8 1
8 2
6 2
6 1
0 1
0 -1
12 -1
1.0
1.047 0 0 1
0 0 0

12 1
8 1
8 1
7 1
7 1
0 1
0 -1
12 -1
0.93
1.571 0 0 1
0 0 0

12 1
8 1
8 1
7 1
7 1
0 1
0 -1
12 -1
1.0
2.0 0 0 1
0 0 0

12 1
8 1
8 2
4 2
4 1
0 1
0 -1
12 -1
1.0
2.2 0 0 1
0 0 0

12 1
8 1
8 2
5 2
5 1
0 1
0 -1
12 -1
0.93
2.618 0 0 1
0 0 0

12 1
8 1
8 2
6 2
6 1
0 1
0 -1
12 -1
1.0
3.141 0 0 1
0 0 0

12 1
8 1
8 1
7 1
7 1
0 1
0 -1
12 -1
0.93
3.665 0 0 1
0 0 0

12 1
8 1
8 1
7 1
7 1
0 1
0 -1
12 -1
1.0
4.0 0 0 1
0 0 0

12 1
8 1
8 2
4 2
4 1
0 1
0 -1
12 -1
1.0
4.2 0 0 1
0 0 0

12 1
8 1
8 2
5 2
5 1
0 1
0 -1
12 -1
0.93
4.712 0 0 1
0 0 0

12 1
8 1
8 2
6 2
6 1
0 1
0 -1
12 -1
1.0
5.235 0 0 1
0 0 0

12 1
8 1
8 1
7 1
7 1
0 1
0 -1
12 -1
0.93
5.795 0 0 1
0 0 0

12 1
8 1
8 1
7 1
7 1
0 1
0 -1
12 -1
1.0
6.28 0 0 1
0 0 0
